====================
cycle:1	96	ADDI	R2, R0, #100

registers:
r00:	0	0	100	0	0	0	0	0	
r08:	0	0	0	0	0	0	0	0	
r16:	0	0	0	0	0	0	0	0	
r24:	0	0	0	0	0	0	0	0	

data:
116:	14	5	48	0	0	0	0	0	

====================
cycle:2	100	ADDI	R1, R0, #5

registers:
r00:	0	5	100	0	0	0	0	0	
r08:	0	0	0	0	0	0	0	0	
r16:	0	0	0	0	0	0	0	0	
r24:	0	0	0	0	0	0	0	0	

data:
116:	14	5	48	0	0	0	0	0	

====================
cycle:3	104	STUR	R1, [R2, #7]

registers:
r00:	0	5	100	0	0	0	0	0	
r08:	0	0	0	0	0	0	0	0	
r16:	0	0	0	0	0	0	0	0	
r24:	0	0	0	0	0	0	0	0	

data:
116:	14	5	48	5	0	0	0	0	

====================
cycle:4	108	LDUR	R5, [R2, #7]

registers:
r00:	0	5	100	0	0	5	0	0	
r08:	0	0	0	0	0	0	0	0	
r16:	0	0	0	0	0	0	0	0	
r24:	0	0	0	0	0	0	0	0	

data:
116:	14	5	48	5	0	0	0	0	

====================
cycle:5	112	BREAK

registers:
r00:	0	5	100	0	0	5	0	0	
r08:	0	0	0	0	0	0	0	0	
r16:	0	0	0	0	0	0	0	0	
r24:	0	0	0	0	0	0	0	0	

data:
116:	14	5	48	5	0	0	0	0	




